JNG0675	gi|639127361|gb|KF263930.1|	98.68	378	5	0	663	1040	274	651	0.0	 675
JNG0675	gi|639127361|gb|KF263930.1|	96.39	360	11	1	17	374	4	363	1e-166	 597
JNG2585	gi|261864272|gb|GQ982342.1|	100.00	359	0	0	18	376	1	359	0.0	 664
JNG2705	gi|161703083|gb|EU123004.1|	96.83	63	1	1	1	63	62	1	4e-18	 104
JNG2717	gi|46852086|gb|AY507495.1|	81.30	230	27	12	3	231	904	1118	1e-38	 172
JNG2750	gi|751130821|gb|KM817503.1|	100.00	44	0	0	197	240	681	724	2e-11	82.4
JNG2759	gi|313474701|dbj|AB575673.1|	99.24	394	2	1	1	394	81	473	0.0	 710
JNG2767	gi|751130821|gb|KM817503.1|	100.00	40	0	0	197	236	681	720	3e-09	75.0
JNG2821	gi|531032301|gb|KC136347.1|	89.29	196	7	7	1	196	1207	1388	4e-57	 233
JNG2879	gi|958111209|dbj|AP014702.1|	98.15	54	1	0	186	239	35125	35178	2e-15	95.3
JNG2911	gi|46852086|gb|AY507495.1|	81.28	219	26	11	1	218	900	1104	6e-36	 163
JNG2946	gi|313474857|dbj|AB575864.1|	95.56	90	2	2	1	89	47	135	8e-30	 143
JNG2947	gi|313474858|dbj|AB575865.1|	97.80	91	0	2	1	90	37	126	1e-33	 156
JNG2956	gi|527139542|gb|KF201449.1|	100.00	219	0	0	1	219	25	243	9e-109	 405
JNG2997	gi|161703091|gb|EU123008.1|	98.06	206	0	1	1	202	206	1	9e-94	 355
JNG3009	gi|161703091|gb|EU123008.1|	98.47	391	2	1	1	387	391	1	0.0	 686
JNG3016	gi|958111209|dbj|AP014702.1|	98.15	54	1	0	210	263	35125	35178	2e-15	95.3
JNG3024	gi|161703091|gb|EU123008.1|	97.73	176	0	1	1	172	176	1	4e-77	 300
