	38
   1268915   0.00000   0.13654   0.17176   0.16412   0.16031   0.15962   0.15570   0.06718   0.16054   0.14122   0.14695   0.16346   0.15983   0.16763   0.16052   0.16221   0.16985   0.16031   0.16475   0.08015   0.08206   0.05962   0.08159   0.08026   0.16031   0.16603   0.17366   0.16603   0.13550   0.14122   0.17557   0.17366   0.16031   0.15709   0.15385   0.16221   0.15355   0.14695
   1268916   0.13654   0.00000   0.18269   0.15769   0.15769   0.16538   0.16703   0.12692   0.16441   0.15192   0.14423   0.16538   0.16199   0.16570   0.15835   0.17115   0.17692   0.16923   0.17500   0.12115   0.11923   0.14231   0.12447   0.12798   0.18654   0.18269   0.15769   0.17692   0.14423   0.16154   0.16923   0.16731   0.15192   0.16923   0.17357   0.16923   0.14615   0.16154
   1268917   0.17176   0.18269   0.00000   0.09281   0.10597   0.09423   0.09649   0.17274   0.11605   0.13662   0.13852   0.10769   0.10799   0.10405   0.10195   0.12148   0.11659   0.11948   0.11494   0.16789   0.17040   0.16923   0.16216   0.17137   0.16749   0.15341   0.12132   0.11635   0.15972   0.10882   0.12444   0.12296   0.12000   0.12835   0.14004   0.10629   0.11708   0.10192
   1268918   0.16412   0.15769   0.09281   0.00000   0.01796   0.03654   0.05044   0.16507   0.04642   0.12144   0.12334   0.03269   0.03888   0.03661   0.03471   0.05689   0.05090   0.05728   0.05364   0.15419   0.15719   0.16731   0.14137   0.14534   0.14286   0.13258   0.07452   0.08383   0.15972   0.07635   0.05838   0.05689   0.05389   0.11111   0.11637   0.05090   0.05182   0.03892
   1268919   0.16031   0.15769   0.10597   0.01796   0.00000   0.04231   0.04167   0.15739   0.04062   0.13093   0.12903   0.03654   0.03888   0.04239   0.04338   0.05672   0.05680   0.05892   0.05939   0.14925   0.15247   0.15962   0.13929   0.13883   0.14122   0.13068   0.07279   0.08955   0.15278   0.08060   0.06119   0.05970   0.05373   0.11303   0.11834   0.05689   0.04990   0.04776
   1268920   0.15962   0.16538   0.09423   0.03654   0.04231   0.00000   0.04615   0.15962   0.06770   0.12692   0.12500   0.05000   0.05184   0.05973   0.04772   0.06538   0.06154   0.06346   0.06731   0.14615   0.15385   0.15769   0.14346   0.14100   0.15577   0.14038   0.08654   0.07885   0.16731   0.07500   0.07692   0.07500   0.06923   0.11731   0.12623   0.06731   0.07692   0.04615
   1268921   0.15570   0.16703   0.09649   0.05044   0.04167   0.04615   0.00000   0.14912   0.05531   0.13596   0.12939   0.06813   0.06374   0.06608   0.06313   0.07237   0.07018   0.07456   0.06798   0.12939   0.13596   0.15824   0.13158   0.12121   0.16009   0.14912   0.08553   0.09430   0.16886   0.07018   0.08772   0.08553   0.07018   0.12281   0.13122   0.07237   0.07018   0.05921
   1268922   0.06718   0.12692   0.17274   0.16507   0.15739   0.15962   0.14912   0.00000   0.16054   0.13244   0.13052   0.16731   0.15335   0.16185   0.15835   0.16315   0.17083   0.16123   0.16507   0.08253   0.08829   0.06538   0.07789   0.08460   0.16123   0.16699   0.16507   0.16315   0.13628   0.14395   0.17274   0.17083   0.16123   0.16123   0.15779   0.16699   0.16315   0.15547
   1268923   0.16054   0.16441   0.11605   0.04642   0.04062   0.06770   0.05531   0.16054   0.00000   0.13153   0.13733   0.05996   0.05000   0.05803   0.05423   0.04449   0.04449   0.04642   0.04642   0.14507   0.15474   0.17021   0.14013   0.14967   0.16054   0.14894   0.07544   0.07544   0.16634   0.06576   0.05222   0.05029   0.04255   0.12186   0.12821   0.05609   0.06190   0.05222
   1268924   0.14122   0.15192   0.13662   0.12144   0.13093   0.12692   0.13596   0.13244   0.13153   0.00000   0.01708   0.13654   0.13823   0.13487   0.12148   0.13283   0.13662   0.13093   0.13602   0.12524   0.12713   0.14615   0.11850   0.12798   0.14801   0.14611   0.14231   0.13472   0.13472   0.13283   0.14231   0.14042   0.13283   0.12452   0.12821   0.13852   0.13820   0.13283
   1268925   0.14695   0.14423   0.13852   0.12334   0.12903   0.12500   0.12939   0.13052   0.13733   0.01708   0.00000   0.14231   0.14039   0.13680   0.12364   0.12713   0.13093   0.12524   0.13027   0.12334   0.12903   0.15192   0.12058   0.13015   0.14611   0.14421   0.14042   0.13662   0.13662   0.13472   0.14042   0.13852   0.13472   0.13027   0.13412   0.14421   0.14012   0.13093
   1268926   0.16346   0.16538   0.10769   0.03269   0.03654   0.05000   0.06813   0.16731   0.05996   0.13654   0.14231   0.00000   0.05832   0.06166   0.05423   0.07308   0.06923   0.07115   0.06731   0.15385   0.16154   0.16923   0.14979   0.14534   0.15000   0.14231   0.09038   0.09423   0.16346   0.08077   0.07692   0.07500   0.06923   0.12308   0.12821   0.05192   0.06731   0.05192
   1268927   0.15983   0.16199   0.10799   0.03888   0.03888   0.05184   0.06374   0.15335   0.05000   0.13823   0.14039   0.05832   0.00000   0.00649   0.00000   0.06048   0.05400   0.05832   0.05616   0.14039   0.14471   0.15335   0.14255   0.13614   0.15335   0.14255   0.07775   0.08855   0.15335   0.06695   0.06911   0.06695   0.05616   0.11663   0.12222   0.06263   0.05832   0.05184
   1268928   0.16763   0.16570   0.10405   0.03661   0.04239   0.05973   0.06608   0.16185   0.05803   0.13487   0.13680   0.06166   0.00649   0.00000   0.00651   0.06744   0.05973   0.06551   0.06166   0.14836   0.15222   0.16185   0.13953   0.14534   0.15414   0.13873   0.08478   0.09249   0.15992   0.07514   0.06744   0.06551   0.06166   0.11368   0.11834   0.06358   0.05973   0.05395
   1268929   0.16052   0.15835   0.10195   0.03471   0.04338   0.04772   0.06313   0.15835   0.05423   0.12148   0.12364   0.05423   0.00000   0.00651   0.00000   0.06291   0.05423   0.06074   0.05640   0.14534   0.14967   0.15618   0.13494   0.14751   0.14317   0.11931   0.08243   0.08460   0.15835   0.06941   0.06941   0.06725   0.05640   0.10195   0.10846   0.05857   0.05206   0.04555
   1268930   0.16221   0.17115   0.12148   0.05689   0.05672   0.06538   0.07237   0.16315   0.04449   0.13283   0.12713   0.07308   0.06048   0.06744   0.06291   0.00000   0.00897   0.00491   0.01341   0.15852   0.15994   0.17692   0.15385   0.16486   0.15107   0.14394   0.07799   0.06074   0.16146   0.06222   0.04444   0.04296   0.03407   0.12261   0.13018   0.07036   0.08253   0.06074
   1268931   0.16985   0.17692   0.11659   0.05090   0.05680   0.06154   0.07018   0.17083   0.04449   0.13662   0.13093   0.06923   0.05400   0.05973   0.05423   0.00897   0.00000   0.00818   0.00958   0.16143   0.16293   0.18462   0.15593   0.16920   0.15435   0.14773   0.07452   0.06129   0.16667   0.06129   0.04185   0.04036   0.03438   0.12644   0.13412   0.06737   0.08253   0.05531
   1268932   0.16031   0.16923   0.11948   0.05728   0.05892   0.06346   0.07456   0.16123   0.04642   0.13093   0.12524   0.07115   0.05832   0.06551   0.06074   0.00491   0.00818   0.00000   0.01149   0.15712   0.15876   0.17500   0.15177   0.16269   0.14614   0.13826   0.07626   0.06056   0.15972   0.06219   0.04746   0.04583   0.03928   0.11686   0.12426   0.06547   0.08061   0.05565
   1268933   0.16475   0.17500   0.11494   0.05364   0.05939   0.06731   0.06798   0.16507   0.04642   0.13602   0.13027   0.06731   0.05616   0.06166   0.05640   0.01341   0.00958   0.01149   0.00000   0.15900   0.15900   0.17500   0.14916   0.16269   0.14943   0.14176   0.07854   0.06322   0.17433   0.06130   0.05556   0.05364   0.04598   0.11686   0.12426   0.06705   0.07678   0.05556
   1268934   0.08015   0.12115   0.16789   0.15419   0.14925   0.14615   0.12939   0.08253   0.14507   0.12524   0.12334   0.15385   0.14039   0.14836   0.14534   0.15852   0.16143   0.15712   0.15900   0.00000   0.02093   0.07115   0.02079   0.01735   0.17077   0.17235   0.15425   0.15317   0.11979   0.14286   0.15852   0.15704   0.14519   0.15900   0.16568   0.16916   0.15547   0.15066
   1268935   0.08206   0.11923   0.17040   0.15719   0.15247   0.15385   0.13596   0.08829   0.15474   0.12713   0.12903   0.16154   0.14471   0.15222   0.14967   0.15994   0.16293   0.15876   0.15900   0.02093   0.00000   0.07115   0.02495   0.02386   0.17406   0.17614   0.15771   0.16293   0.12500   0.14499   0.15994   0.15845   0.14649   0.15900   0.16765   0.17515   0.15931   0.15247
   1268936   0.05962   0.14231   0.16923   0.16731   0.15962   0.15769   0.15824   0.06538   0.17021   0.14615   0.15192   0.16923   0.15335   0.16185   0.15618   0.17692   0.18462   0.17500   0.17500   0.07115   0.07115   0.00000   0.07595   0.07375   0.16346   0.15385   0.16731   0.17115   0.13269   0.15000   0.18269   0.18077   0.16538   0.15385   0.14793   0.17692   0.16538   0.15769
   1268937   0.08159   0.12447   0.16216   0.14137   0.13929   0.14346   0.13158   0.07789   0.14013   0.11850   0.12058   0.14979   0.14255   0.13953   0.13494   0.15385   0.15593   0.15177   0.14916   0.02079   0.02495   0.07595   0.00000   0.02651   0.16216   0.16424   0.15177   0.16008   0.12266   0.13721   0.16008   0.15800   0.14969   0.15336   0.15618   0.15177   0.14316   0.13514
   1268938   0.08026   0.12798   0.17137   0.14534   0.13883   0.14100   0.12121   0.08460   0.14967   0.12798   0.13015   0.14534   0.13614   0.14534   0.14751   0.16486   0.16920   0.16269   0.16269   0.01735   0.02386   0.07375   0.02651   0.00000   0.18004   0.16703   0.15618   0.17137   0.12581   0.14100   0.16269   0.16052   0.15184   0.15835   0.16920   0.16052   0.15184   0.14317
   1268939   0.16031   0.18654   0.16749   0.14286   0.14122   0.15577   0.16009   0.16123   0.16054   0.14801   0.14611   0.15000   0.15335   0.15414   0.14317   0.15107   0.15435   0.14614   0.14943   0.17077   0.17406   0.16346   0.16216   0.18004   0.00000   0.04735   0.14905   0.15107   0.17882   0.15271   0.14943   0.14778   0.15435   0.06897   0.05523   0.14943   0.14587   0.14778
   1268940   0.16603   0.18269   0.15341   0.13258   0.13068   0.14038   0.14912   0.16699   0.14894   0.14611   0.14421   0.14231   0.14255   0.13873   0.11931   0.14394   0.14773   0.13826   0.14176   0.17235   0.17614   0.15385   0.16424   0.16703   0.04735   0.00000   0.14583   0.14205   0.18561   0.13447   0.14394   0.14205   0.14394   0.06705   0.04931   0.13068   0.14203   0.14583
   1268941   0.17366   0.15769   0.12132   0.07452   0.07279   0.08654   0.08553   0.16507   0.07544   0.14231   0.14042   0.09038   0.07775   0.08478   0.08243   0.07799   0.07452   0.07626   0.07854   0.15425   0.15771   0.16731   0.15177   0.15618   0.14905   0.14583   0.00000   0.09879   0.16493   0.08319   0.07106   0.06932   0.06932   0.12452   0.13215   0.09185   0.09405   0.07972
   1268942   0.16603   0.17692   0.11635   0.08383   0.08955   0.07885   0.09430   0.16315   0.07544   0.13472   0.13662   0.09423   0.08855   0.09249   0.08460   0.06074   0.06129   0.06056   0.06322   0.15317   0.16293   0.17115   0.16008   0.17137   0.15107   0.14205   0.09879   0.00000   0.17014   0.05302   0.08000   0.07852   0.07111   0.13410   0.13807   0.09281   0.08829   0.09158
   1268943   0.13550   0.14423   0.15972   0.15972   0.15278   0.16731   0.16886   0.13628   0.16634   0.13472   0.13662   0.16346   0.15335   0.15992   0.15835   0.16146   0.16667   0.15972   0.17433   0.11979   0.12500   0.13269   0.12266   0.12581   0.17882   0.18561   0.16493   0.17014   0.00000   0.15104   0.16146   0.15972   0.15799   0.16284   0.16765   0.16667   0.16315   0.15104
   1268944   0.14122   0.16154   0.10882   0.07635   0.08060   0.07500   0.07018   0.14395   0.06576   0.13283   0.13472   0.08077   0.06695   0.07514   0.06941   0.06222   0.06129   0.06219   0.06130   0.14286   0.14499   0.15000   0.13721   0.14100   0.15271   0.13447   0.08319   0.05302   0.15104   0.00000   0.07556   0.07407   0.06370   0.11686   0.12032   0.08084   0.08253   0.08715
   1268945   0.17557   0.16923   0.12444   0.05838   0.06119   0.07692   0.08772   0.17274   0.05222   0.14231   0.14042   0.07692   0.06911   0.06744   0.06941   0.04444   0.04185   0.04746   0.05556   0.15852   0.15994   0.18269   0.16008   0.16269   0.14943   0.14394   0.07106   0.08000   0.16146   0.07556   0.00000   0.00148   0.02519   0.11877   0.12623   0.08084   0.08829   0.06667
   1268946   0.17366   0.16731   0.12296   0.05689   0.05970   0.07500   0.08553   0.17083   0.05029   0.14042   0.13852   0.07500   0.06695   0.06551   0.06725   0.04296   0.04036   0.04583   0.05364   0.15704   0.15845   0.18077   0.15800   0.16052   0.14778   0.14205   0.06932   0.07852   0.15972   0.07407   0.00148   0.00000   0.02370   0.11686   0.12426   0.07934   0.08637   0.06519
   1268947   0.16031   0.15192   0.12000   0.05389   0.05373   0.06923   0.07018   0.16123   0.04255   0.13283   0.13472   0.06923   0.05616   0.06166   0.05640   0.03407   0.03438   0.03928   0.04598   0.14519   0.14649   0.16538   0.14969   0.15184   0.15435   0.14394   0.06932   0.07111   0.15799   0.06370   0.02519   0.02370   0.00000   0.11686   0.12426   0.07036   0.07102   0.05926
   1268948   0.15709   0.16923   0.12835   0.11111   0.11303   0.11731   0.12281   0.16123   0.12186   0.12452   0.13027   0.12308   0.11663   0.11368   0.10195   0.12261   0.12644   0.11686   0.11686   0.15900   0.15900   0.15385   0.15336   0.15835   0.06897   0.06705   0.12452   0.13410   0.16284   0.11686   0.11877   0.11686   0.11686   0.00000   0.02367   0.11877   0.12092   0.12261
   1268949   0.15385   0.17357   0.14004   0.11637   0.11834   0.12623   0.13122   0.15779   0.12821   0.12821   0.13412   0.12821   0.12222   0.11834   0.10846   0.13018   0.13412   0.12426   0.12426   0.16568   0.16765   0.14793   0.15618   0.16920   0.05523   0.04931   0.13215   0.13807   0.16765   0.12032   0.12623   0.12426   0.12426   0.02367   0.00000   0.11637   0.12229   0.13018
   1268950   0.16221   0.16923   0.10629   0.05090   0.05689   0.06731   0.07237   0.16699   0.05609   0.13852   0.14421   0.05192   0.06263   0.06358   0.05857   0.07036   0.06737   0.06547   0.06705   0.16916   0.17515   0.17692   0.15177   0.16052   0.14943   0.13068   0.09185   0.09281   0.16667   0.08084   0.08084   0.07934   0.07036   0.11877   0.11637   0.00000   0.05950   0.06437
   1268951   0.15355   0.14615   0.11708   0.05182   0.04990   0.07692   0.07018   0.16315   0.06190   0.13820   0.14012   0.06731   0.05832   0.05973   0.05206   0.08253   0.08253   0.08061   0.07678   0.15547   0.15931   0.16538   0.14316   0.15184   0.14587   0.14203   0.09405   0.08829   0.16315   0.08253   0.08829   0.08637   0.07102   0.12092   0.12229   0.05950   0.00000   0.06142
   1268952   0.14695   0.16154   0.10192   0.03892   0.04776   0.04615   0.05921   0.15547   0.05222   0.13283   0.13093   0.05192   0.05184   0.05395   0.04555   0.06074   0.05531   0.05565   0.05556   0.15066   0.15247   0.15769   0.13514   0.14317   0.14778   0.14583   0.07972   0.09158   0.15104   0.08715   0.06667   0.06519   0.05926   0.12261   0.13018   0.06437   0.06142   0.00000
