245.259390 -177579.635731
309.136483 -177229.954060
589.073017 -177200.885797
1302.500376 -177198.171221
2853.306863 -177195.836528
5720.300426 -177192.189998
6168.672656 -177167.978630
6432.281467 -177167.711424
6666.158509 -177157.899433
7131.119286 -177091.105252
7497.741892 -177069.949457
7784.036666 -177069.949447
8136.746750 -177066.364823
8590.929804 -177055.865496
8964.042733 -177052.045354
9228.605415 -177052.045353
9577.955309 -177050.796007
10016.105001 -177050.295609
10338.331330 -177050.051816
10593.410442 -177050.051815
10882.031123 -177050.051815
11881.637302 -177050.051814
14131.637647 -177050.051814
