237089.457903 -417347.923680
237164.425904 -416966.622824
237455.247337 -416871.955369
238316.647119 -416829.918618
240307.488108 -416826.525114
244193.964567 -416821.814620
245053.804305 -416769.446954
245612.294067 -416756.043990
245973.122952 -416755.950453
246224.041254 -416745.215674
246684.271801 -416621.603917
247074.417103 -416600.426805
247424.845153 -416598.254663
247731.474543 -416598.113943
248035.121451 -416597.216796
248283.734632 -416597.216530
248589.883101 -416597.216263
250034.997140 -416597.215996
253643.290193 -416597.215996
