1213.819668 -417942.975913
1290.513686 -417172.470086
1585.625433 -416944.839687
2453.281323 -416833.331950
4462.759988 -416701.977567
8462.907882 -416693.728145
9320.491799 -416617.888218
9989.928908 -416610.980632
10545.482402 -416484.318754
10956.047685 -416470.794780
11406.188710 -416469.407531
11839.609868 -416469.400696
12324.514060 -416468.813953
12878.778294 -416465.952802
13235.197402 -416463.067652
13525.649846 -416463.067634
13854.196631 -416463.067616
15284.583513 -416463.067598
18897.813938 -416463.067598
