268966.883378 -417587.733739
269042.609772 -416928.269681
269339.447755 -416844.928054
270215.562012 -416767.632292
272297.269402 -416739.999566
276373.104912 -416739.539297
276448.560492 -416729.692487
277515.342936 -416658.977784
278132.224118 -416658.948678
278649.495328 -416650.196867
279165.350423 -416509.563271
279542.386338 -416502.631796
279887.484538 -416501.162714
280153.374465 -416501.162656
280537.073323 -416496.639282
281011.232030 -416489.694349
281401.983243 -416486.010154
281729.999823 -416486.010102
282046.786304 -416486.010050
283478.645259 -416486.009998
287165.129693 -416486.009998
