254205.478180 -417273.014504
254281.193540 -416833.069929
254573.799090 -416712.973841
255426.783920 -416645.871192
257446.088029 -416642.100601
258055.339323 -416604.470630
258482.378091 -416601.784324
258699.493994 -416600.325818
258910.937665 -416593.196283
259378.325741 -416473.676986
259767.743354 -416461.662658
260092.024908 -416461.118437
260459.055284 -416460.748801
260708.599748 -416460.748589
261020.215118 -416460.748385
262431.452871 -416456.737141
262921.313887 -416426.773043
263258.595667 -416426.772846
263610.207517 -416426.772652
264883.411136 -416426.772460
268401.573841 -416426.772460
