300496.554206 -417216.471762
300572.023892 -416859.439005
300861.469080 -416821.755125
301710.972024 -416796.428902
303681.531842 -416783.015002
307552.616491 -416774.751409
308385.144999 -416739.041106
308928.683082 -416738.514538
309226.676568 -416733.005788
309722.836133 -416612.695455
310112.235094 -416591.663512
310432.028288 -416586.510807
310686.813887 -416586.510548
311092.411185 -416586.139884
311548.910246 -416585.206435
311866.075875 -416585.206177
312202.865957 -416585.205919
313531.466068 -416584.458773
313966.969941 -416584.458525
314463.015795 -416584.458275
315588.334852 -416584.458025
319462.720726 -416584.458025
