206533.214300 -417327.465387
206607.796258 -416776.321053
206897.498234 -416715.429056
207749.610178 -416710.945795
209740.050410 -416710.945793
213752.105949 -416694.875266
214610.198467 -416630.799306
215155.686134 -416624.566718
215486.811269 -416616.294664
215992.072847 -416494.943938
216418.421854 -416475.545609
216685.089626 -416475.545344
217055.279503 -416472.249401
217507.111495 -416467.778435
217822.995524 -416467.778212
218161.614080 -416467.777990
219520.775285 -416467.777769
223176.555992 -416467.777769
