188828.156693 -417425.006308
188902.387378 -417000.643824
189187.444119 -416803.207262
190019.138424 -416723.966715
191931.767815 -416723.966714
195695.430984 -416720.147902
196504.843860 -416676.504084
197016.425417 -416668.872224
197338.977843 -416660.583966
197857.263822 -416507.743191
198302.531442 -416481.997409
198703.102185 -416481.877121
199025.421851 -416481.625819
199273.531601 -416481.625715
199577.836905 -416480.880751
199971.945310 -416480.880645
200391.096565 -416480.657821
200765.689985 -416480.657712
201157.323647 -416480.657603
202331.267864 -416480.657492
205914.535428 -416480.657492
