223832.650824 -417405.456179
223908.337870 -416800.963440
224203.977117 -416758.996291
225081.885086 -416720.336880
227191.382048 -416716.743649
227781.076842 -416683.267138
228194.182601 -416681.743911
228438.224145 -416676.499032
228925.202716 -416534.135491
229283.939130 -416516.703342
229614.403448 -416513.320712
229934.027955 -416512.427926
230178.749922 -416512.427646
230616.857692 -416506.366582
231009.866911 -416506.366313
231430.555100 -416506.366045
232605.910055 -416506.365776
236469.397172 -416506.365776
