320124.796344 -417364.052571
320198.979213 -416839.406783
320486.364795 -416649.851608
321343.476532 -416632.445365
323424.465960 -416627.606580
324014.321217 -416597.033153
324428.302589 -416596.962616
324744.406128 -416596.922637
324977.331067 -416584.788792
325445.216812 -416460.360592
325826.327151 -416443.523194
326224.664747 -416441.846233
326489.624987 -416441.846150
326880.389874 -416435.259351
327292.747995 -416435.259320
327728.783066 -416435.259289
328921.185738 -416435.259258
332773.875751 -416435.259258
