70549.234405 -177630.277441
70586.331445 -177263.351103
70731.879765 -177241.191684
71163.543735 -177236.748347
72172.189680 -177233.062626
72405.234028 -177170.385662
72577.805059 -177170.319981
72746.158148 -177166.299836
73008.453165 -177071.857986
73234.086520 -177064.821493
73446.377588 -177064.821085
73673.775274 -177060.658584
73941.514221 -177060.658512
74143.422928 -177060.658502
74624.642048 -177060.658491
75945.311463 -177057.444884
76187.027354 -177057.444884
76432.776867 -177057.444884
76896.544158 -177057.444884
78268.628935 -177057.444884
