78483.321826 -177598.590265
78520.351993 -177231.559765
78663.155948 -177215.905835
79076.479802 -177203.947463
80050.457492 -177191.396384
80284.045996 -177156.714672
80458.984779 -177138.819704
80602.651631 -177136.360587
80764.944361 -177130.079934
81000.748759 -177050.238812
81212.051991 -177044.379663
81413.088341 -177044.379285
81582.864337 -177039.257303
81819.774381 -177032.551923
81976.037779 -177032.551923
82139.457002 -177031.706910
82382.843664 -177022.302202
82580.224259 -177018.093826
82715.183150 -177018.093825
82866.287635 -177018.093825
83372.805005 -177018.093824
84573.753130 -177018.093824
