958.307038 -417487.845728
1123.271092 -416820.184699
1774.681234 -416791.203614
3661.050968 -416779.716890
6487.022926 -416774.841692
7244.059387 -416724.557339
7777.229000 -416715.646167
8297.160778 -416708.097811
8909.823405 -416567.291079
9376.877823 -416535.416759
9808.900555 -416532.586749
10143.039196 -416532.586563
10579.350964 -416532.586377
12535.031445 -416526.124657
13238.729137 -416517.809160
13682.024874 -416517.808947
14179.572155 -416517.808734
16302.229311 -416512.914943
17090.579704 -416503.277992
17617.762330 -416503.277762
18219.626128 -416503.277533
20323.663986 -416502.599388
21042.832901 -416502.599228
21880.540954 -416502.599187
23715.342754 -416502.599158
29788.867888 -416502.599158
