338277.577961 -417359.535869
338347.185321 -416915.405441
338622.028710 -416822.183755
339440.765535 -416800.385023
341351.255973 -416794.152351
345124.390655 -416789.527585
345858.280148 -416724.080681
346288.543199 -416708.956241
346584.690587 -416697.809089
347051.035570 -416551.391061
347404.166928 -416530.875725
347695.106794 -416524.338775
347925.917611 -416524.338494
348260.924811 -416515.672291
348623.669560 -416515.672034
349017.983069 -416515.671777
350186.072647 -416515.527208
350583.937691 -416515.526946
351056.850586 -416515.526683
352121.820732 -416515.526419
355807.583419 -416515.526419
