1410.811003 -417365.976728
1487.073146 -416803.707400
1784.763687 -416736.183591
2654.829695 -416666.535464
4673.692159 -416665.508942
8641.265496 -416654.208113
9488.799962 -416560.394510
10049.510226 -416557.330430
10523.087427 -416548.356323
11052.429005 -416445.255884
11488.309662 -416425.754634
11806.741330 -416424.713136
12221.458924 -416424.709086
12692.196755 -416424.701122
14269.494530 -416424.039886
14728.405976 -416420.894598
15072.952566 -416420.894591
15437.570695 -416420.894583
16776.342312 -416420.894576
20625.282368 -416420.894576
