321987.830233 -417610.128657
322057.288326 -417004.210371
322327.493256 -416890.533921
323127.948687 -416825.755717
325011.634571 -416820.125599
328737.819365 -416816.656744
329499.118127 -416755.516930
329930.243111 -416748.491678
330258.690215 -416746.946100
330469.074338 -416741.289418
330913.476628 -416634.432963
331308.859239 -416625.199752
331672.314097 -416624.965284
331900.161685 -416624.965187
332235.640145 -416623.186253
332597.035183 -416623.186150
332989.966515 -416623.186047
334095.572110 -416623.185943
337689.168746 -416623.185943
