262609.211250 -417398.287969
262680.406959 -416849.900929
262957.428882 -416816.348039
263770.757403 -416779.150899
265770.338465 -416756.995951
269722.742413 -416755.884221
269775.274872 -416752.430017
270792.435181 -416714.435973
271457.564980 -416708.478897
272014.625010 -416597.472408
272489.966943 -416584.671019
272900.271036 -416582.852169
273179.843310 -416582.661522
273435.789394 -416582.661492
273784.142962 -416579.715531
274235.851592 -416576.976275
274551.702107 -416576.976244
274899.200949 -416576.753530
275299.292303 -416576.753500
275769.444262 -416573.625921
276145.831254 -416573.625896
276573.611819 -416565.321706
276948.369078 -416565.321681
277345.459655 -416565.321656
278508.748667 -416561.097420
278965.280512 -416531.117246
279289.818309 -416531.117223
279623.492292 -416531.117200
280812.007444 -416531.117178
284138.150729 -416531.117178
