284681.777137 -417300.468603
284751.094782 -416791.690966
285018.624518 -416728.067012
285809.423683 -416710.798746
287663.528909 -416659.400551
291318.298057 -416659.398260
291405.549454 -416643.962360
292358.423199 -416590.847481
292907.532291 -416581.427020
293193.726066 -416580.769289
293425.391185 -416572.933149
293867.132222 -416462.466919
294222.592553 -416444.282349
294458.570370 -416444.054242
294686.653819 -416444.054030
294967.480227 -416444.053817
296273.343872 -416444.053604
299596.776708 -416444.053604
