300277.978815 -417595.294719
300347.329050 -417127.592452
300617.687452 -417016.511946
301408.633562 -416878.789442
303237.333289 -416846.623394
306824.934098 -416841.097662
307613.205015 -416732.004699
308119.008085 -416702.181624
308554.562443 -416692.927263
309030.474162 -416590.343136
309440.698097 -416574.146593
309811.171024 -416573.236137
310042.898143 -416573.236031
310325.213396 -416573.119150
310688.389686 -416573.119043
311078.593357 -416573.118935
312244.796012 -416565.598566
312711.923590 -416529.453799
313071.814859 -416528.019981
313380.543215 -416523.679049
313650.901921 -416523.584842
313881.141106 -416523.584707
314163.965126 -416523.584572
315490.672572 -416523.540462
316025.292727 -416523.538335
316620.364031 -416523.534648
317805.809513 -416523.526789
321468.072324 -416523.526789
