229651.454980 -417185.825798
229720.896700 -416788.849194
229990.525472 -416725.210961
230792.095167 -416718.325900
232661.207349 -416711.336815
236364.143833 -416702.344052
237156.482595 -416644.134876
237675.469359 -416635.426964
237900.082510 -416634.989106
238111.815463 -416629.375441
238537.952905 -416482.727734
238875.909528 -416455.996882
239193.431146 -416452.357040
239422.820983 -416452.356831
239835.186149 -416445.942244
240243.712863 -416445.339276
240530.867761 -416445.339248
240841.103473 -416445.116505
241198.739029 -416445.116478
241576.244694 -416445.116450
242679.122274 -416445.116423
246129.786048 -416445.116423
