180126.140896 -417567.608667
180202.853006 -416999.105474
180500.239048 -416942.352242
181362.913506 -416844.235536
183360.530118 -416840.332898
183991.077095 -416780.306646
184449.692812 -416774.731973
184728.638793 -416768.603507
185278.079659 -416660.269737
185712.531102 -416648.812034
186086.695985 -416647.404119
186436.141310 -416647.403938
186807.668484 -416646.231623
187270.112106 -416646.231444
187837.402557 -416643.107541
188228.629852 -416643.107361
188645.554116 -416634.762587
189022.989658 -416634.762405
189422.848009 -416634.762224
190616.986067 -416630.253945
191092.078886 -416600.253520
191432.927216 -416600.253334
191788.737349 -416600.253148
193047.866156 -416600.252962
196530.458487 -416600.252962
