246646.164384 -417297.319650
246715.565323 -416818.492438
246982.247730 -416780.132054
247761.641105 -416723.004004
249553.300789 -416694.963930
253064.094552 -416690.187124
253812.273438 -416624.588722
254325.799340 -416620.517310
254787.101809 -416609.278408
255262.644937 -416485.337706
255632.091139 -416465.142919
255923.873604 -416463.477031
256155.366987 -416463.477008
256471.762672 -416463.457205
256887.281563 -416463.415967
257174.819507 -416463.415953
257483.801248 -416463.415940
258702.275052 -416463.415927
261986.381426 -416463.415927
