5785.976318 -417942.868143
6020.065736 -417172.361185
6923.367880 -416944.730649
9593.437390 -416833.223924
15335.920278 -416701.869990
27866.267402 -416693.674315
30429.085709 -416617.834683
32246.178734 -416610.875751
33795.401488 -416484.222842
34942.633276 -416470.700248
36212.017155 -416469.449406
37433.378321 -416468.290833
38218.346875 -416468.277150
38941.901234 -416468.277067
40004.646247 -416467.511837
41326.842047 -416465.309876
42090.486063 -416462.427587
42618.247353 -416462.427495
43265.777454 -416462.427403
46376.965536 -416462.427310
55794.865743 -416462.427310
