JNG0674	gi|161703065|gb|EU122995.1|	99.58	240	1	0	21	260	1	240	2e-119	 438
JNG0675	gi|639127361|gb|KF263930.1|	98.68	378	5	0	663	1040	274	651	0.0	 675
JNG0675	gi|639127361|gb|KF263930.1|	96.39	360	11	1	17	374	4	363	3e-167	 597
JNG0679	gi|161703065|gb|EU122995.1|	99.58	240	1	0	21	260	1	240	2e-119	 438
JNG0680	gi|161703065|gb|EU122995.1|	99.58	240	1	0	22	261	240	1	2e-119	 438
JNG0688	gi|313474834|dbj|AB575841.1|	98.90	455	5	0	20	474	1	455	0.0	 815
JNG0695	gi|313474834|dbj|AB575841.1|	97.36	455	12	0	215	669	1	455	0.0	 789
JNG0889	gi|161703065|gb|EU122995.1|	99.58	240	1	0	24	263	240	1	2e-119	 438
JNG2485	gi|313474399|dbj|AB575371.1|	98.48	198	2	1	3	199	58	255	4e-92	 348
JNG2496	gi|161703065|gb|EU122995.1|	99.09	220	1	1	1	219	220	1	5e-106	 394
JNG2585	gi|261864272|gb|GQ982342.1|	100.00	359	0	0	18	376	1	359	0.0	 664
JNG2671	gi|313474880|dbj|AB575887.1|	93.59	499	13	4	1	484	43	537	0.0	 726
JNG2705	gi|161703083|gb|EU123004.1|	96.83	63	1	1	1	63	62	1	9e-19	 104
JNG2717	gi|46852086|gb|AY507495.1|	81.30	230	27	12	3	231	904	1118	2e-39	 172
JNG2750	gi|751130821|gb|KM817503.1|	100.00	44	0	0	197	240	681	724	4e-12	82.4
JNG2759	gi|313474701|dbj|AB575673.1|	99.24	394	2	1	1	394	81	473	0.0	 710
JNG2767	gi|751130821|gb|KM817503.1|	100.00	40	0	0	197	236	681	720	7e-10	75.0
JNG2821	gi|531032301|gb|KC136347.1|	89.29	196	7	7	1	196	1207	1388	1e-57	 233
JNG2879	gi|751130809|gb|KM817497.1|	96.49	57	0	2	184	239	681	736	2e-15	93.5
JNG2911	gi|46852086|gb|AY507495.1|	81.28	219	26	11	1	218	900	1104	1e-36	 163
JNG2946	gi|313474857|dbj|AB575864.1|	95.56	90	2	2	1	89	47	135	2e-30	 143
JNG2947	gi|313474858|dbj|AB575865.1|	97.80	91	0	2	1	90	37	126	2e-34	 156
JNG2956	gi|527139542|gb|KF201449.1|	100.00	219	0	0	1	219	25	243	2e-109	 405
JNG2997	gi|161703091|gb|EU123008.1|	98.06	206	0	1	1	202	206	1	2e-94	 355
JNG3009	gi|161703091|gb|EU123008.1|	98.47	391	2	1	1	387	391	1	0.0	 686
JNG3016	gi|751130809|gb|KM817497.1|	96.49	57	0	2	208	263	681	736	2e-15	93.5
JNG3024	gi|161703091|gb|EU123008.1|	97.73	176	0	1	1	172	176	1	1e-77	 300
