153.406701 -177203.255971
178.684841 -176832.629030
272.846061 -176786.226201
556.631941 -176785.511916
1222.736859 -176782.436075
1391.207816 -176747.243908
1510.352254 -176733.841407
1600.655574 -176731.924713
1660.665249 -176728.733606
1866.928878 -176648.354602
2046.323016 -176635.218837
2208.139036 -176634.687258
2365.550105 -176634.687258
2544.818351 -176633.634875
2757.843942 -176633.634875
2960.335201 -176632.907876
3174.916154 -176631.650261
3330.937869 -176631.650260
3488.905695 -176631.650260
3948.475774 -176631.650259
4958.543847 -176631.650259
