86533.388494 -177206.873951
86566.580164 -176844.111483
86685.224229 -176809.889505
87016.736213 -176786.167857
87736.962300 -176783.448337
87932.727684 -176760.583945
88091.421033 -176758.721455
88357.678189 -176681.470815
88566.067539 -176668.663229
88712.794123 -176668.663228
88899.725627 -176666.460356
89153.697611 -176663.512295
89347.611349 -176663.512295
89556.335075 -176663.512294
90062.105575 -176662.661965
90309.406580 -176662.661965
90548.826959 -176662.661964
91001.385059 -176662.661964
92313.911190 -176662.661964
