58001.478619 -177176.408638
58028.563763 -176823.901153
58130.893865 -176801.630864
58432.744594 -176794.087596
59096.445265 -176784.610089
59262.218909 -176773.938574
59436.423385 -176766.357060
59670.137381 -176690.311834
59877.439263 -176683.108821
60047.931621 -176683.108820
60215.045340 -176678.288800
60413.237547 -176671.563311
60559.637673 -176671.563310
60706.864036 -176667.534049
60919.963692 -176667.296678
61073.062350 -176667.022684
61211.372545 -176667.022683
61405.565246 -176667.022683
62114.241125 -176664.761813
62417.104629 -176662.488748
62614.931960 -176662.488747
62815.859035 -176661.076189
63087.983088 -176659.767650
63282.603665 -176659.767649
63477.458459 -176659.767648
63985.987094 -176659.767648
65214.352126 -176659.767648
