79702.784988 -177277.103797
79733.780062 -176893.504789
79865.848383 -176831.489625
80213.953780 -176829.737842
81054.439934 -176820.901817
81265.466599 -176791.102814
81434.484353 -176787.762619
81599.650848 -176781.774926
81874.738631 -176662.694141
82089.394099 -176647.323479
82281.388656 -176646.049961
82427.794079 -176646.049959
82594.450028 -176646.049958
83097.319338 -176645.314271
83343.738003 -176645.163299
83534.418247 -176645.163298
83739.631130 -176644.799289
84055.378556 -176640.473273
84266.557960 -176631.345226
84417.738216 -176631.110324
84559.086882 -176631.110323
84711.197636 -176631.110321
85189.163498 -176631.110319
86361.244452 -176631.110319
