98453.798599 -177179.279606
98490.496172 -176832.675600
98603.839805 -176818.920322
99023.020154 -176816.527922
99186.608018 -176777.138999
99317.344763 -176774.752864
99453.078166 -176772.576716
99695.201418 -176704.308418
99923.401931 -176689.090688
100130.910394 -176689.090405
100331.391731 -176686.199047
100606.052419 -176680.115933
100838.206330 -176671.568798
101083.599787 -176671.160195
101287.688723 -176671.160188
101485.665839 -176668.435300
101746.163064 -176668.435293
101969.477813 -176668.435287
102456.221812 -176664.920472
102739.160645 -176661.666140
102945.103728 -176661.666134
103141.503703 -176661.666127
103705.587567 -176661.316631
103996.103625 -176657.809822
104203.823102 -176657.809816
104406.199007 -176657.809810
104937.590540 -176657.809805
106421.182561 -176657.809805
