73337.898407 -177210.044585
73373.027981 -176825.477440
73495.957886 -176789.158806
73837.135870 -176787.482762
74602.581372 -176783.628774
74819.370947 -176740.318416
74979.450251 -176736.820023
75128.986314 -176733.916754
75383.679579 -176664.104959
75604.018811 -176657.983930
75834.847156 -176657.983504
76082.654995 -176656.624105
76355.807348 -176654.875655
76568.350959 -176654.875655
76749.183864 -176654.875655
77266.648196 -176654.518005
77481.400816 -176654.518005
77703.031526 -176654.518005
78132.253531 -176654.518005
79513.813868 -176654.518005
