92534.562121 -177159.135214
92567.072968 -176827.847152
92695.415678 -176799.239599
93063.914761 -176797.718779
94044.442245 -176787.656736
94240.255061 -176748.508266
94371.448832 -176747.190480
94488.735070 -176747.133141
94579.567219 -176746.064501
94647.477725 -176745.657675
94713.994173 -176740.262581
94969.540247 -176681.322096
95181.012897 -176657.622046
95406.097067 -176655.506225
95552.916042 -176655.506187
95713.288191 -176652.976770
95939.997133 -176649.087316
96102.149491 -176649.087278
96263.654699 -176649.087240
96755.142068 -176649.087202
98230.542496 -176649.087202
