65405.110996 -177348.733564
65432.111871 -176911.758704
65537.387981 -176849.155108
65844.231451 -176835.073235
66585.534742 -176833.268662
68134.504142 -176823.084206
68379.447419 -176753.631158
68519.989621 -176736.804253
68618.839416 -176735.115478
68727.387239 -176729.087079
69026.366307 -176654.839659
69244.420174 -176639.930306
69428.965465 -176639.575869
69595.407457 -176639.223860
69714.407176 -176639.223814
69853.562889 -176639.223768
70332.692294 -176638.921181
70579.414546 -176638.661188
70754.336434 -176638.661099
70947.941779 -176638.576491
71145.461390 -176638.576457
71336.350902 -176638.576424
71825.030328 -176638.576391
73148.078548 -176638.576391
