51436.993582 -177248.979028
51462.944686 -176874.658960
51570.015820 -176801.438973
51864.769501 -176794.535489
52514.186668 -176790.962899
52676.038539 -176739.171804
52804.168055 -176727.189129
52939.578946 -176721.526681
53170.623784 -176649.960272
53368.257801 -176640.767856
53543.553042 -176640.673744
53720.203231 -176640.673342
53848.026532 -176640.008157
54022.104960 -176640.008156
54183.976297 -176640.008154
54558.068010 -176638.459872
54748.127235 -176638.459871
54938.136579 -176638.459869
55269.086230 -176638.459868
56200.062440 -176635.299152
56377.628932 -176635.299150
56561.675540 -176635.299149
56883.038483 -176635.299147
57841.124470 -176635.299147
